7 0 1 2 3 4 8
0 1 3 4 5 6
1 2 4 5 8
2 3 8 6
4 3 5 6 8
3 5
5 8
8 6
6
1002 1003 1004 1007 1008
1003 1001 1005 1008
1001 1000 1004 1005
1000 1004 1005 1007 1008
1004 1006 1007 1008
1006 1005 1007 1008
1005 1007 1008
1007 1008
1008
2007 2000 2003 2006 2008
2000 2002 2004 2006 2008
2002 2004 2006
2004 2006
2006 2001 2003 2005
2001 2003 2005
2003 2005 2008
2005 2008
2008
3005 3000 3001 3006 3007 3008
3000 3001 3002 3004 3006 3007 3008
3001 3002 3007 3008
3002 3003 3006 3008
3003 3008
3006 3004 3008
3004 3007
3007 3008
3008
4004 4001 4003 4005 4006 4007 4008
4001 4002 4003 4005 4006 4007 4008
4002 4003 4005 4008
4003 4000 4005 4008
4000 4005 4006 4007
4005 4008
4008 4007
4007 4006
4006
5008 5001 5002 5003 5005 5006 5007
5001 5003 5004 5007
5003 5005 5004
5004 5000 5002 5006
5000 5002 5006 5007
5002 5005 5006 5007
5005
5006 5007
5007
6000 6002 6003 6004 6005 6007
6002 6001 6005 6006 6007
6001 6003 6005 6006 6007 6008
6003 6004 6006 6007
6004 6005 6008
6005 6006 6008
6006 6008 6007
6008
6007
7006 7000 7001 7002 7005 7008
7000 7002 7004 7005 7007 7008
7002 7001 7003 7004 7005 7008
7001 7003 7004 7005 7007 7008
7003 7004 7005 7008
7004 7007
7007
7005
7008
8004 8000 8001 8003 8005 8008
8000 8001 8003 8005 8006
8001 8002 8003 8006
8002 8006 8007 8008
8006 8003 8005
8003 8005 8007
8005 8007
8007 8008
8008
9001 9000 9003 9004 9007
9000 9002 9003 9004 9006 9008
9002 9003 9004 9005 9006 9007
9003 9004 9007 9008
9004 9008 9006
9007 9008
9008 9006
9006 9005
9005
10005 10003 10004 10006 10007 10008
10003 10000 10001 10002
10000 10004 10007
10004 10001 10002 10007 10008
10001 10002 10007 10008
10002 10008 10007
10008
10007 10006
10006
11004 11000 11001 11002 11003 11005 11006 11007
11000 11001 11002 11006
11001 11002 11003 11005 11008
11002 11003 11005 11008 11006
11003 11005 11006
11005 11008
11008
11006 11007
11007
12004 12000 12002 12005 12006 12007 12008
12000 12001 12003 12008
12001 12002 12005 12008
12002 12008
12008 12003 12006
12003 12006 12007
12006 12005 12007
12007 12005
12005
13008 13000 13002 13006
13000 13001 13002 13004 13005
13001 13002 13004 13005 13006
13002 13004 13005 13003 13006 13007
13004
13005 13003 13007
13003 13006 13007
13006 13007
13007
14002 14001 14003 14006 14007
14001 14000 14004 14005 14006 14007 14008
14000 14003 14004 14005 14007
14003 14004 14005 14006 14008
14004 14005 14008
14005 14007 14008
14007 14006
14006 14008
14008
15006 15000 15001 15002 15004 15005 15007 15008
15000 15002 15005 15007
15002 15007
15007 15001 15003 15008
15001 15003 15004 15005 15008
15003 15004 15005
15004 15005 15008
15005 15008
15008
16006 16000 16001 16003 16004 16005 16007
16000 16001 16004 16008 16007 16003
16001 16002 16003 16008 16005
16002 16004 16007
16004 16008
16008 16007
16007
16003
16005
17006 17000 17001 17002 17004 17005 17007 17008
17000 17002 17003 17007 17008
17001 17002 17003 17007
17002 17005
17005 17003 17004 17008
17003 17004 17008
17004 17007 17008
17007
17008
18006 18001 18003 18004 18005 18007 18008
18001 18000 18002 18003 18008
18000 18002 18003 18005 18007
18002 18003 18007 18008 18004
18003 18007 18005
18007
18005
18008 18004
18004
19003 19001 19002 19004 19005 19006 19007 19008
19001 19004
19004 19002 19007 19008
19002 19005 19008
19005 19000 19007
19000 19007
19007 19006 19008
19006 19008
19008
20007 20000 20002 20003 20005 20008
20000 20001 20002 20004 20005 20008
20001 20002 20003 20004 20006
20002 20004 20006
20004 20005 20006
20005 20003 20006
20003 20006 20008
20006 20008
20008
21006 21001 21004 21007
21001 21000 21002 21007 21008
21000 21002 21004 21005 21008
21002 21003 21004 21007
21003 21005 21008 21004
21005 21007 21008
21007
21008
21004
22003 22001 22005 22006
22001 22000 22007 22004 22008 22005
22005 22000
22000 22006 22007
22006 22002 22004
22002 22007
22007 22004
22004 22008
22008
23003 23000 23001 23004 23006 23007
23000 23001 23002 23006 23008
23001 23002 23005 23006 23007 23008
23002 23005 23008
23005 23004 23007
23004 23006 23008
23006 23008
23008 23007
23007
